%YAML:1.0
RVec: !!opencv-matrix
   rows: 3
   cols: 1
   dt: d
   data: [ -2.7435219963397852e+00, -1.1801253897216986e-01,
       1.0401212368237762e+00 ]
TVec: !!opencv-matrix
   rows: 3
   cols: 1
   dt: d
   data: [ -1.0252754408179190e-01, 1.1084473372336061e-01,
       9.7113647182580953e-01 ]
