%YAML:1.0
RVec: !!opencv-matrix
   rows: 3
   cols: 1
   dt: d
   data: [ -2.7392309858189123e+00, -1.2995530484800991e-01,
       1.0898051349547668e+00 ]
TVec: !!opencv-matrix
   rows: 3
   cols: 1
   dt: d
   data: [ -8.8903463942447095e-02, 1.2240516404057354e-01,
       9.4916020770608200e-01 ]
