%YAML:1.0
Camera_Matrix: !!opencv-matrix
   rows: 3
   cols: 3
   dt: d
   data: [ 1.1161221615585846e+03, 0., 6.5143621217979160e+02, 0.,
       1.1161221615585846e+03, 3.6393387761075837e+02, 0., 0., 1. ]
Distortion_Coefficients: !!opencv-matrix
   rows: 5
   cols: 1
   dt: d
   data: [ 1.3637032894510778e-01, -1.2666091233201733e+00,
       1.2643220424845309e-03, 6.9273949955042016e-03,
       4.7290824590459968e+00 ]
RMS: 9.9796872017535498e-01
Corners: [ 3.80329803e+02, 2.85249023e+02, 4.45269897e+02,
    2.88869141e+02, 5.09645020e+02, 2.91741760e+02, 5.74018677e+02,
    2.94940216e+02, 6.37869873e+02, 2.98012665e+02, 7.02412231e+02,
    3.03443542e+02, 7.66225220e+02, 3.03631409e+02, 3.71489227e+02,
    3.42643188e+02, 4.38342499e+02, 3.43804504e+02, 5.04149292e+02,
    3.50067688e+02, 5.70158569e+02, 3.52813965e+02, 6.35804321e+02,
    3.56016510e+02, 7.01389893e+02, 3.62329803e+02, 7.67478271e+02,
    3.62514862e+02, 3.61791321e+02, 4.04363007e+02, 4.29843140e+02,
    4.05395538e+02, 4.98455444e+02, 4.10564209e+02, 5.66109436e+02,
    4.13290131e+02, 6.33467712e+02, 4.16570496e+02, 7.01503296e+02,
    4.21522919e+02, 7.68526306e+02, 4.22557373e+02, 3.51958282e+02,
    4.68218933e+02, 4.22426697e+02, 4.67752289e+02, 4.92049347e+02,
    4.74892792e+02, 5.61660767e+02, 4.78058563e+02, 6.30926514e+02,
    4.80988892e+02, 7.00246338e+02, 4.86280151e+02, 7.70261047e+02,
    4.87293274e+02, 3.41477325e+02, 5.36630005e+02, 4.13529724e+02,
    5.37578979e+02, 4.85346954e+02, 5.42661926e+02, 5.56942627e+02,
    5.45888794e+02, 6.28260437e+02, 5.48802856e+02, 6.99747864e+02,
    5.52161377e+02, 7.70796448e+02, 5.55223999e+02 ]
