%YAML:1.0
Object_Points: [ 0, 0.168, 0.233,
  0, 0.168, 0.203,
  0, 0.168, 0.173,
  0, 0.168, 0.143,
  0, 0.168, 0.113,
  0, 0.168, 0.083,
  0, 0.168, 0.053,
  0, 0.138, 0.233,
  0, 0.138, 0.203,
  0, 0.138, 0.173,
  0, 0.138, 0.143,
  0, 0.138, 0.113,
  0, 0.138, 0.083,
  0, 0.138, 0.053,
  0, 0.108, 0.233,
  0, 0.108, 0.203,
  0, 0.108, 0.173,
  0, 0.108, 0.143,
  0, 0.108, 0.113,
  0, 0.108, 0.083,
  0, 0.108, 0.053,
  0, 0.078, 0.233,
  0, 0.078, 0.203,
  0, 0.078, 0.173,
  0, 0.078, 0.143,
  0, 0.078, 0.113,
  0, 0.078, 0.083,
  0, 0.078, 0.053,
  0, 0.048, 0.233,
  0, 0.048, 0.203,
  0, 0.048, 0.173,
  0, 0.048, 0.143,
  0, 0.048, 0.113,
  0, 0.048, 0.083,
  0, 0.048, 0.053,
  0.054, 0.1635, 0,
  0.084, 0.1635, 0,
  0.114, 0.1635, 0,
  0.144, 0.1635, 0,
  0.174, 0.1635, 0,
  0.204, 0.1635, 0,
  0.234, 0.1635, 0,
  0.054, 0.1335, 0,
  0.084, 0.1335, 0,
  0.114, 0.1335, 0,
  0.144, 0.1335, 0,
  0.174, 0.1335, 0,
  0.204, 0.1335, 0,
  0.234, 0.1335, 0,
  0.054, 0.1035, 0,
  0.084, 0.1035, 0,
  0.114, 0.1035, 0,
  0.144, 0.1035, 0,
  0.174, 0.1035, 0,
  0.204, 0.1035, 0,
  0.234, 0.1035, 0,
  0.054, 0.0735, 0,
  0.084, 0.0735, 0,
  0.114, 0.0735, 0,
  0.144, 0.0735, 0,
  0.174, 0.0735, 0,
  0.204, 0.0735, 0,
  0.234, 0.0735, 0,
  0.054, 0.0435, 0,
  0.084, 0.0435, 0,
  0.114, 0.0435, 0,
  0.144, 0.0435, 0,
  0.174, 0.0435, 0,
  0.204, 0.0435, 0,
  0.234, 0.0435, 0,
  0.044, 0, 0.233,
  0.044, 0, 0.203,
  0.044, 0, 0.173,
  0.044, 0, 0.143,
  0.044, 0, 0.113,
  0.044, 0, 0.083,
  0.044, 0, 0.053,
  0.074, 0, 0.233,
  0.074, 0, 0.203,
  0.074, 0, 0.173,
  0.074, 0, 0.143,
  0.074, 0, 0.113,
  0.074, 0, 0.083,
  0.074, 0, 0.053,
  0.104, 0, 0.233,
  0.104, 0, 0.203,
  0.104, 0, 0.173,
  0.104, 0, 0.143,
  0.104, 0, 0.113,
  0.104, 0, 0.083,
  0.104, 0, 0.053,
  0.134, 0, 0.233,
  0.134, 0, 0.203,
  0.134, 0, 0.173,
  0.134, 0, 0.143,
  0.134, 0, 0.113,
  0.134, 0, 0.083,
  0.134, 0, 0.053,
  0.164, 0, 0.233,
  0.164, 0, 0.203,
  0.164, 0, 0.173,
  0.164, 0, 0.143,
  0.164, 0, 0.113,
  0.164, 0, 0.083,
  0.164, 0, 0.053]
  
